#name	beta1	beta2	Ra_ur	Ra_ui	Ra_vr	Ra_vi	Ra_wr	Ra_wi	Ra_cr	Ra_ci	alpha1	alpha2	alpha3	alpha4
exp001	0.1	1.0	1.0	1.0	1.0	1.0	1.0	1.0	1.0	1.0	1.0	1.0	1.0	0.0
exp002	0.1	1.0	1.0	1.0	1.0	1.0	1.0	1.0	1.0	1.0	1.0	1.0	10.0	0.0
exp003	0.1	1.0	1.0	1.0	1.0	1.0	1.0	1.0	1.0	1.0	1.0	1.0	100.0	0.0
exp004	0.1	1.0	1.0	1.0	1.0	1.0	1.0	1.0	1.0	1.0	1.0	10.0	1.0	0.0
exp005	0.1	1.0	1.0	1.0	1.0	1.0	1.0	1.0	1.0	1.0	1.0	10.0	10.0	0.0
exp006	0.1	1.0	1.0	1.0	1.0	1.0	1.0	1.0	1.0	1.0	1.0	10.0	100.0	0.0
exp007	0.1	1.0	1.0	1.0	1.0	1.0	1.0	1.0	1.0	1.0	1.0	100.0	1.0	0.0
exp008	0.1	1.0	1.0	1.0	1.0	1.0	1.0	1.0	1.0	1.0	1.0	100.0	10.0	0.0
exp009	0.1	1.0	1.0	1.0	1.0	1.0	1.0	1.0	1.0	1.0	1.0	100.0	100.0	0.0
exp010	0.1	1.0	1.0	1.0	1.0	1.0	1.0	1.0	1.0	1.0	10.0	1.0	1.0	0.0
exp011	0.1	1.0	1.0	1.0	1.0	1.0	1.0	1.0	1.0	1.0	10.0	1.0	10.0	0.0
exp012	0.1	1.0	1.0	1.0	1.0	1.0	1.0	1.0	1.0	1.0	10.0	1.0	100.0	0.0
exp013	0.1	1.0	1.0	1.0	1.0	1.0	1.0	1.0	1.0	1.0	10.0	10.0	1.0	0.0
exp014	0.1	1.0	1.0	1.0	1.0	1.0	1.0	1.0	1.0	1.0	10.0	10.0	10.0	0.0
exp015	0.1	1.0	1.0	1.0	1.0	1.0	1.0	1.0	1.0	1.0	10.0	10.0	100.0	0.0
exp016	0.1	1.0	1.0	1.0	1.0	1.0	1.0	1.0	1.0	1.0	10.0	100.0	1.0	0.0
exp017	0.1	1.0	1.0	1.0	1.0	1.0	1.0	1.0	1.0	1.0	10.0	100.0	10.0	0.0
exp018	0.1	1.0	1.0	1.0	1.0	1.0	1.0	1.0	1.0	1.0	10.0	100.0	100.0	0.0
exp019	0.1	1.0	1.0	1.0	1.0	1.0	1.0	1.0	1.0	1.0	100.0	1.0	1.0	0.0
exp020	0.1	1.0	1.0	1.0	1.0	1.0	1.0	1.0	1.0	1.0	100.0	1.0	10.0	0.0
exp021	0.1	1.0	1.0	1.0	1.0	1.0	1.0	1.0	1.0	1.0	100.0	1.0	100.0	0.0
exp022	0.1	1.0	1.0	1.0	1.0	1.0	1.0	1.0	1.0	1.0	100.0	10.0	1.0	0.0
exp023	0.1	1.0	1.0	1.0	1.0	1.0	1.0	1.0	1.0	1.0	100.0	10.0	10.0	0.0
exp024	0.1	1.0	1.0	1.0	1.0	1.0	1.0	1.0	1.0	1.0	100.0	10.0	100.0	0.0
exp025	0.1	1.0	1.0	1.0	1.0	1.0	1.0	1.0	1.0	1.0	100.0	100.0	1.0	0.0
exp026	0.1	1.0	1.0	1.0	1.0	1.0	1.0	1.0	1.0	1.0	100.0	100.0	10.0	0.0
exp027	0.1	1.0	1.0	1.0	1.0	1.0	1.0	1.0	1.0	1.0	100.0	100.0	100.0	0.0
exp028	0.1	10.0	1.0	1.0	1.0	1.0	1.0	1.0	1.0	1.0	1.0	1.0	1.0	0.0
exp029	0.1	10.0	1.0	1.0	1.0	1.0	1.0	1.0	1.0	1.0	1.0	1.0	10.0	0.0
exp030	0.1	10.0	1.0	1.0	1.0	1.0	1.0	1.0	1.0	1.0	1.0	1.0	100.0	0.0
exp031	0.1	10.0	1.0	1.0	1.0	1.0	1.0	1.0	1.0	1.0	1.0	10.0	1.0	0.0
exp032	0.1	10.0	1.0	1.0	1.0	1.0	1.0	1.0	1.0	1.0	1.0	10.0	10.0	0.0
exp033	0.1	10.0	1.0	1.0	1.0	1.0	1.0	1.0	1.0	1.0	1.0	10.0	100.0	0.0
exp034	0.1	10.0	1.0	1.0	1.0	1.0	1.0	1.0	1.0	1.0	1.0	100.0	1.0	0.0
exp035	0.1	10.0	1.0	1.0	1.0	1.0	1.0	1.0	1.0	1.0	1.0	100.0	10.0	0.0
exp036	0.1	10.0	1.0	1.0	1.0	1.0	1.0	1.0	1.0	1.0	1.0	100.0	100.0	0.0
exp037	0.1	10.0	1.0	1.0	1.0	1.0	1.0	1.0	1.0	1.0	10.0	1.0	1.0	0.0
exp038	0.1	10.0	1.0	1.0	1.0	1.0	1.0	1.0	1.0	1.0	10.0	1.0	10.0	0.0
exp039	0.1	10.0	1.0	1.0	1.0	1.0	1.0	1.0	1.0	1.0	10.0	1.0	100.0	0.0
exp040	0.1	10.0	1.0	1.0	1.0	1.0	1.0	1.0	1.0	1.0	10.0	10.0	1.0	0.0
exp041	0.1	10.0	1.0	1.0	1.0	1.0	1.0	1.0	1.0	1.0	10.0	10.0	10.0	0.0
exp042	0.1	10.0	1.0	1.0	1.0	1.0	1.0	1.0	1.0	1.0	10.0	10.0	100.0	0.0
exp043	0.1	10.0	1.0	1.0	1.0	1.0	1.0	1.0	1.0	1.0	10.0	100.0	1.0	0.0
exp044	0.1	10.0	1.0	1.0	1.0	1.0	1.0	1.0	1.0	1.0	10.0	100.0	10.0	0.0
exp045	0.1	10.0	1.0	1.0	1.0	1.0	1.0	1.0	1.0	1.0	10.0	100.0	100.0	0.0
exp046	0.1	10.0	1.0	1.0	1.0	1.0	1.0	1.0	1.0	1.0	100.0	1.0	1.0	0.0
exp047	0.1	10.0	1.0	1.0	1.0	1.0	1.0	1.0	1.0	1.0	100.0	1.0	10.0	0.0
exp048	0.1	10.0	1.0	1.0	1.0	1.0	1.0	1.0	1.0	1.0	100.0	1.0	100.0	0.0
exp049	0.1	10.0	1.0	1.0	1.0	1.0	1.0	1.0	1.0	1.0	100.0	10.0	1.0	0.0
exp050	0.1	10.0	1.0	1.0	1.0	1.0	1.0	1.0	1.0	1.0	100.0	10.0	10.0	0.0
exp051	0.1	10.0	1.0	1.0	1.0	1.0	1.0	1.0	1.0	1.0	100.0	10.0	100.0	0.0
exp052	0.1	10.0	1.0	1.0	1.0	1.0	1.0	1.0	1.0	1.0	100.0	100.0	1.0	0.0
exp053	0.1	10.0	1.0	1.0	1.0	1.0	1.0	1.0	1.0	1.0	100.0	100.0	10.0	0.0
exp054	0.1	10.0	1.0	1.0	1.0	1.0	1.0	1.0	1.0	1.0	100.0	100.0	100.0	0.0
exp055	1.0	1.0	1.0	1.0	1.0	1.0	1.0	1.0	1.0	1.0	1.0	1.0	1.0	0.0
exp056	1.0	1.0	1.0	1.0	1.0	1.0	1.0	1.0	1.0	1.0	1.0	1.0	10.0	0.0
exp057	1.0	1.0	1.0	1.0	1.0	1.0	1.0	1.0	1.0	1.0	1.0	1.0	100.0	0.0
exp058	1.0	1.0	1.0	1.0	1.0	1.0	1.0	1.0	1.0	1.0	1.0	10.0	1.0	0.0
exp059	1.0	1.0	1.0	1.0	1.0	1.0	1.0	1.0	1.0	1.0	1.0	10.0	10.0	0.0
exp060	1.0	1.0	1.0	1.0	1.0	1.0	1.0	1.0	1.0	1.0	1.0	10.0	100.0	0.0
exp061	1.0	1.0	1.0	1.0	1.0	1.0	1.0	1.0	1.0	1.0	1.0	100.0	1.0	0.0
exp062	1.0	1.0	1.0	1.0	1.0	1.0	1.0	1.0	1.0	1.0	1.0	100.0	10.0	0.0
exp063	1.0	1.0	1.0	1.0	1.0	1.0	1.0	1.0	1.0	1.0	1.0	100.0	100.0	0.0
exp064	1.0	1.0	1.0	1.0	1.0	1.0	1.0	1.0	1.0	1.0	10.0	1.0	1.0	0.0
exp065	1.0	1.0	1.0	1.0	1.0	1.0	1.0	1.0	1.0	1.0	10.0	1.0	10.0	0.0
exp066	1.0	1.0	1.0	1.0	1.0	1.0	1.0	1.0	1.0	1.0	10.0	1.0	100.0	0.0
exp067	1.0	1.0	1.0	1.0	1.0	1.0	1.0	1.0	1.0	1.0	10.0	10.0	1.0	0.0
exp068	1.0	1.0	1.0	1.0	1.0	1.0	1.0	1.0	1.0	1.0	10.0	10.0	10.0	0.0
exp069	1.0	1.0	1.0	1.0	1.0	1.0	1.0	1.0	1.0	1.0	10.0	10.0	100.0	0.0
exp070	1.0	1.0	1.0	1.0	1.0	1.0	1.0	1.0	1.0	1.0	10.0	100.0	1.0	0.0
exp071	1.0	1.0	1.0	1.0	1.0	1.0	1.0	1.0	1.0	1.0	10.0	100.0	10.0	0.0
exp072	1.0	1.0	1.0	1.0	1.0	1.0	1.0	1.0	1.0	1.0	10.0	100.0	100.0	0.0
exp073	1.0	1.0	1.0	1.0	1.0	1.0	1.0	1.0	1.0	1.0	100.0	1.0	1.0	0.0
exp074	1.0	1.0	1.0	1.0	1.0	1.0	1.0	1.0	1.0	1.0	100.0	1.0	10.0	0.0
exp075	1.0	1.0	1.0	1.0	1.0	1.0	1.0	1.0	1.0	1.0	100.0	1.0	100.0	0.0
exp076	1.0	1.0	1.0	1.0	1.0	1.0	1.0	1.0	1.0	1.0	100.0	10.0	1.0	0.0
exp077	1.0	1.0	1.0	1.0	1.0	1.0	1.0	1.0	1.0	1.0	100.0	10.0	10.0	0.0
exp078	1.0	1.0	1.0	1.0	1.0	1.0	1.0	1.0	1.0	1.0	100.0	10.0	100.0	0.0
exp079	1.0	1.0	1.0	1.0	1.0	1.0	1.0	1.0	1.0	1.0	100.0	100.0	1.0	0.0
exp080	1.0	1.0	1.0	1.0	1.0	1.0	1.0	1.0	1.0	1.0	100.0	100.0	10.0	0.0
exp081	1.0	1.0	1.0	1.0	1.0	1.0	1.0	1.0	1.0	1.0	100.0	100.0	100.0	0.0
exp082	1.0	10.0	1.0	1.0	1.0	1.0	1.0	1.0	1.0	1.0	1.0	1.0	1.0	0.0
exp083	1.0	10.0	1.0	1.0	1.0	1.0	1.0	1.0	1.0	1.0	1.0	1.0	10.0	0.0
exp084	1.0	10.0	1.0	1.0	1.0	1.0	1.0	1.0	1.0	1.0	1.0	1.0	100.0	0.0
exp085	1.0	10.0	1.0	1.0	1.0	1.0	1.0	1.0	1.0	1.0	1.0	10.0	1.0	0.0
exp086	1.0	10.0	1.0	1.0	1.0	1.0	1.0	1.0	1.0	1.0	1.0	10.0	10.0	0.0
exp087	1.0	10.0	1.0	1.0	1.0	1.0	1.0	1.0	1.0	1.0	1.0	10.0	100.0	0.0
exp088	1.0	10.0	1.0	1.0	1.0	1.0	1.0	1.0	1.0	1.0	1.0	100.0	1.0	0.0
exp089	1.0	10.0	1.0	1.0	1.0	1.0	1.0	1.0	1.0	1.0	1.0	100.0	10.0	0.0
exp090	1.0	10.0	1.0	1.0	1.0	1.0	1.0	1.0	1.0	1.0	1.0	100.0	100.0	0.0
exp091	1.0	10.0	1.0	1.0	1.0	1.0	1.0	1.0	1.0	1.0	10.0	1.0	1.0	0.0
exp092	1.0	10.0	1.0	1.0	1.0	1.0	1.0	1.0	1.0	1.0	10.0	1.0	10.0	0.0
exp093	1.0	10.0	1.0	1.0	1.0	1.0	1.0	1.0	1.0	1.0	10.0	1.0	100.0	0.0
exp094	1.0	10.0	1.0	1.0	1.0	1.0	1.0	1.0	1.0	1.0	10.0	10.0	1.0	0.0
exp095	1.0	10.0	1.0	1.0	1.0	1.0	1.0	1.0	1.0	1.0	10.0	10.0	10.0	0.0
exp096	1.0	10.0	1.0	1.0	1.0	1.0	1.0	1.0	1.0	1.0	10.0	10.0	100.0	0.0
exp097	1.0	10.0	1.0	1.0	1.0	1.0	1.0	1.0	1.0	1.0	10.0	100.0	1.0	0.0
exp098	1.0	10.0	1.0	1.0	1.0	1.0	1.0	1.0	1.0	1.0	10.0	100.0	10.0	0.0
exp099	1.0	10.0	1.0	1.0	1.0	1.0	1.0	1.0	1.0	1.0	10.0	100.0	100.0	0.0
exp100	1.0	10.0	1.0	1.0	1.0	1.0	1.0	1.0	1.0	1.0	100.0	1.0	1.0	0.0
exp101	1.0	10.0	1.0	1.0	1.0	1.0	1.0	1.0	1.0	1.0	100.0	1.0	10.0	0.0
exp102	1.0	10.0	1.0	1.0	1.0	1.0	1.0	1.0	1.0	1.0	100.0	1.0	100.0	0.0
exp103	1.0	10.0	1.0	1.0	1.0	1.0	1.0	1.0	1.0	1.0	100.0	10.0	1.0	0.0
exp104	1.0	10.0	1.0	1.0	1.0	1.0	1.0	1.0	1.0	1.0	100.0	10.0	10.0	0.0
exp105	1.0	10.0	1.0	1.0	1.0	1.0	1.0	1.0	1.0	1.0	100.0	10.0	100.0	0.0
exp106	1.0	10.0	1.0	1.0	1.0	1.0	1.0	1.0	1.0	1.0	100.0	100.0	1.0	0.0
exp107	1.0	10.0	1.0	1.0	1.0	1.0	1.0	1.0	1.0	1.0	100.0	100.0	10.0	0.0
exp108	1.0	10.0	1.0	1.0	1.0	1.0	1.0	1.0	1.0	1.0	100.0	100.0	100.0	0.0
